Instancia 1
4
3
6
1

Instancia 2
1
2
2
2
2
1

Instancia 3
2
2
-1
0
2

Instancia 4
-1
-2
0
-1

Instancia 5
216
0
216
90

Instancia 6
34
48
78
78
71
85
34
41
34
30
41
41
41
41
46
34
59
59
30
30

Instancia 7
34
16
23
16
14
29
13
17
17
13
14
0
14
13
2
22
15
5
17
17
16
13
13
29
16
19
0
15
23
12
21
16
13
29
17
0
13
14
17
12
16
34
23
20
26
16
23
13
3
16

Instancia 8
-990
-979
-979
-978
-843
-976
-965
-953
-979
-937
-843
-974
-984
-961
-984
-961
-843
-977
-967
-952
-953
-910
-937
-972
-975
-916
-917
-952
-953
-953
-957
-965
-957
-961
-917
0
-979
-917
-967
-984
-974
-976
-975
-966
0
-984
-976
-974
-977
-905

